5.18 2.18
4.99 2.0
4.8 1.98
4.68 1.86
4.42 1.71
4.14 1.69
3.93 1.82
3.68 1.98
3.53 2.03
3.32 2.23
3.19 2.25
3.06 2.49
2.75 2.68
2.81 2.91
2.79 3.21
2.79 3.39
2.79 3.6
2.71 3.82
2.63 4.01
2.39 4.14
2.17 4.28
1.99 4.4
1.78 4.52
1.61 4.62
1.35 4.85
1.18 5.08
1.3 5.36
1.55 5.62
1.76 5.74
1.82 5.55
2.34 5.71
2.64 5.6
3.21 6.03
3.34 5.65
3.66 5.61
3.86 5.62
4.01 5.73
4.21 5.91
4.53 6.21
4.8 6.4
4.76 6.4
5.08 6.81
5.36 7.0
5.08 6.38
5.75 7.14
6.07 6.91
6.13 6.55
6.33 6.33
6.08 6.03
6.09 5.74
6.31 5.52
6.14 5.19
6.13 5.1
5.88 4.99
5.66 4.96
5.5 4.85
5.14 4.9
4.99 4.72
3.42 3.54
4.47 4.46
4.52 4.11
4.66 4.01
4.93 3.87
5.21 3.64
5.47 3.52
5.62 3.42
5.78 3.29
5.92 3.11
5.57 2.74
5.88 2.64
5.66 2.32
5.36 2.21